Name	"node.degree"	"node.betw"	"node.stress"	"node.evcent"	"Clustering.Coefficient"	No. module	Zi	Pi
bin763	3	21.2760683760684	80	0.00185085228763398	0.333333333333333	1	0.229415733870562	0
bin750	3	266.000036075036	744	0.0382173154232039	0	2	0	0.444444444444444
bin721	2	121.139033189033	218	0.0179378849208825	0	0	-0.850240404384047	0.5
bin717	2	42.526774713075	225	0.048163321236043	0	1	-1.14707866935281	0.5
bin708	5	508.989348885847	1751	0.0626741541934337	0	5	0.227921152919276	0.56
bin707	1	0	0	0.00772466254521486	0	3	-1.01600101600152	0
bin699	5	206.775045957941	885	0.051188643817969	0	3	0.698500698501048	0.32
bin688	1	0	0	0.00285058451748209	0	0	-0.850240404384047	0
bin683	2	39.1824081147611	114	0.0355536382222938	0	3	-1.01600101600152	0.5
bin679	2	129	295	0.000453493704398316	0	0	-0.218010360098473	0
bin657	5	443.480914918415	1078	0.0276547373516336	0	2	2.64575131106459	0
bin655	2	0	0	0.117576007815155	1	4	-0.788240781368082	0
bin648	2	25.3871465703946	200	0.0349712002645329	0	5	-0.455842305838552	0
bin645	1	0	0	4.83826324702219e-69	0	10	0	0
bin644	2	2	2	8.61200898891163e-51	0	6	1	0
bin643	1	0	0	5.322514266567e-51	0	6	-1	0
bin639	5	197.450403144327	794	0.070718676476854	0	3	0.698500698501048	0.32
bin607	1	0	0	4.83826324702219e-69	0	11	0	0
bin590	3	141.183583083583	468	0.0358364640175852	0	5	0.227921152919276	0
bin583	5	653.581770843535	1792	0.123895244005114	0	2	0.881917103688197	0.48
bin579	3	4.38201754385965	26	0.00935217165943418	0.666666666666667	0	0.4142196841871	0
bin577	1	0	0	0.00230250995309729	0	1	-1.14707866935281	0
bin574	5	242.416106442577	714	0.00334823805751079	0.3	1	1.60591013709393	0
bin565	4	66.9421245421245	207	0.0148042774947859	0.333333333333333	0	1.04644972847267	0
bin549	3	471.008376835583	1163	0.0137460001530219	0	1	0.229415733870562	0
bin547	2	112.209126984127	260	0.00559671322979739	0	5	-1.13960576459638	0.5
bin544	1	0	0	0.000491268095350748	0	0	-0.850240404384047	0
bin541	1	0	0	0.00285058451748209	0	0	-0.850240404384047	0
bin538	1	0	0	0.000114758507516418	0	1	-1.14707866935281	0
bin513	1	0	0	0.000552720570766902	0	1	-1.14707866935281	0
bin511	3	142.940640482668	295	0.0819378487624662	0.333333333333333	4	-0.3638034375545	0
bin507	3	338.932371001107	976	0.0636644621522116	0	5	-0.455842305838552	0.444444444444444
bin505	8	253.243610579021	836	0.317757928907112	0.321428571428571	4	1.75838328151341	0
bin500	6	425.624362235395	1866	0.0501413459208882	0.0666666666666667	5	1.59544807043493	0.277777777777778
bin497	8	867.247042510443	2241	0.046116288165117	0	3	1.84150184150276	0.40625
bin492	3	129	301	0.094490605528418	0.333333333333333	4	-0.3638034375545	0
bin490	4	89.1762956828747	549	0.0664466739103774	0	3	0.127000127000191	0.375
bin484	6	313.041630399757	1314	0.13340399207846	0	4	0.485071250072666	0.277777777777778
bin464	6	601.014990126832	1810	0.0306278362458172	0.0666666666666667	0	1.67867977275825	0.277777777777778
bin462	2	21.0761904761905	31	0.024669802808367	0	5	-0.455842305838552	0
bin459	1	0	0	0.0012238282494956	0	0	-0.850240404384047	0
bin455	3	169.411433664375	444	0.00208427537159545	0	1	0.229415733870562	0
bin447	6	156.957179924479	457	0.178668948187186	0.266666666666667	4	0.909508593886249	0
bin439	5	113.463323278029	600	0.00448266271432071	0.5	1	1.60591013709393	0
bin438	10	950.751134312361	3103	0.230524077645636	0.0666666666666667	4	0.909508593886249	0.58
bin435	1	0	0	5.322514266567e-51	0	6	-1	0
bin426	1	0	0	4.83826324702219e-69	0	12	0	0
bin425	5	551.156053970185	1947	0.0261061532008709	0	5	0.227921152919276	0.56
bin423	10	1057.22467747488	3786	0.287510782370684	0.0444444444444444	4	0.485071250072666	0.68
bin422	1	0	0	0.00178930843605381	0	2	-0.881917103688197	0
bin421	2	129	383	0.00293287388656113	0	0	-0.218010360098473	0
bin416	1	0	0	0.0223457017419535	0	4	-1.21267812518167	0
bin412	3	135.156349206349	393	0.0201352705824705	0	3	0.127000127000191	0
bin410	7	427.440191900612	1213	0.0538963157967263	0.0952380952380952	3	2.41300241300362	0
bin406	1	0	0	0.00600275092390537	0	5	-1.13960576459638	0
bin405	11	1384.88639502513	4718	0.146104150337578	0.0181818181818182	5	2.27921152919276	0.611570247933884
bin403	10	1089.42095653601	3332	0.0566587144316879	0.0222222222222222	0	2.94313986132939	0.46
bin402	2	25.8114234149064	170	0.0178894368778829	0	5	-1.13960576459638	0.5
bin400	4	383.824929808753	1076	0.00978723363336851	0.5	1	0.229415733870562	0.375
bin399	1	0	0	0.0046322790122672	0	2	-0.881917103688197	0
bin398	3	56.9882603779663	354	0.0678635906900253	0	3	-0.444500444500667	0.444444444444444
bin385	2	167.467549390791	670	0.00638076163341135	0	1	-1.14707866935281	0.5
bin384	3	123.084294113827	531	0.0930144959246705	0	4	-0.788240781368082	0.444444444444444
bin383	1	0	0	4.83826324702219e-69	0	12	0	0
bin378	5	357.580450950016	1230	0.0210852950568771	0	5	1.59544807043493	0
bin373	1	0	0	0.0207529484482809	0	2	-0.881917103688197	0
bin371	1	0	0	0.00515923198657115	0	5	-1.13960576459638	0
bin368	3	159.820670995671	402	0.0106821835854385	0	2	0.881917103688197	0
bin367	1	0	0	0.0028788032370787	0	2	-0.881917103688197	0
bin366	4	223.972088583931	480	0.0104004149663589	0.333333333333333	0	1.04644972847267	0
bin364	1	0	0	0.00386227075714062	0	3	-1.01600101600152	0
bin348	7	308.431357837782	1208	0.174043632625767	0.0952380952380952	4	0.909508593886249	0.244897959183674
bin345	3	135.933333333333	230	0.0906947688577316	0.333333333333333	4	-0.3638034375545	0
bin342	3	257	651	0.0282761933406451	0	0	0.4142196841871	0
bin336	3	203.853734827264	384	0.000685109074050146	0	1	0.229415733870562	0
bin330	1	0	0	4.83826324702219e-69	0	10	0	0
bin326	3	362.106090151679	885	0.0237660851338303	0	2	0	0.444444444444444
bin318	7	552.891880204855	2354	0.0714811965825435	0	5	0.911684611677104	0.571428571428571
bin313	1	0	0	4.83826324702219e-69	0	9	0	0
bin308	8	190.362699987528	783	0.321958670031027	0.321428571428571	4	1.75838328151341	0
bin307	2	129	436	0.00363382761799993	0	5	-0.455842305838552	0
bin303	1	0	0	0.00205613806951023	0	5	-1.13960576459638	0
bin300	3	462.968908559621	1257	0.0243500352129607	0	0	-0.218010360098473	0.444444444444444
bin299	1	0	0	0.000608680646443625	0	5	-1.13960576459638	0
bin294	2	27.1738622488623	115	0.00526213281597058	0	2	0	0
bin288	3	133.5	237	0.0294133867349713	0	4	-0.3638034375545	0
bin278	5	488.704409671034	1800	0.00729254033885181	0.1	1	0.917662935482247	0.32
bin277	5	344.031651057099	1381	0.0618370337870054	0	5	0.911684611677104	0.32
bin276	6	52.3403275345226	283	0.257711473021196	0.4	4	0.909508593886249	0
bin266	5	202.234359897716	756	0.16613917490595	0.2	4	-0.3638034375545	0.56
bin261	2	58.0259744335023	375	0.0296322609846253	0	5	-0.455842305838552	0
bin260	1	0	0	0.00473637537321786	0	0	-0.850240404384047	0
bin259	3	283.597474747475	727	0.00464996476095527	0	0	0.4142196841871	0
bin257	4	138.461527934034	460	0.164905115149006	0.333333333333333	4	-0.3638034375545	0.375
bin253	5	641.455378672195	1815	0.0854418575171119	0	5	0.227921152919276	0.56
bin251	2	0	0	0.0328719048023741	1	5	-0.455842305838552	0
bin248	1	0	0	4.83826324702219e-69	0	8	0	0
bin247	5	721.772377401368	1994	0.0764614592745419	0	1	-0.458831467741123	0.72
bin245	1	0	0	4.83826324702219e-69	0	8	0	0
bin243	6	766.250549450549	2329	0.017018009039032	0	0	2.31090981704382	0
bin234	5	113.463323278029	600	0.00448266271432071	0.5	1	1.60591013709393	0
bin232	1	0	0	0.00949056107356299	0	0	-0.850240404384047	0
bin230	4	488.644429590018	1037	0.00263139850652589	0	0	0.4142196841871	0.375
bin223	2	16.2311688311688	53	0.00376023151086527	0	2	0	0
bin222	6	629.33996992523	2173	0.0840611973521491	0	3	0.698500698501048	0.5
bin215	12	777.040617008264	2194	0.379970899887241	0.151515151515152	4	2.60725796914058	0.291666666666667
bin210	2	25.1052663710558	164	0.015505257239642	0	5	-0.455842305838552	0
bin207	6	585.584727792337	1620	0.0683096010237744	0.133333333333333	3	0.127000127000191	0.666666666666667
bin202	2	43.3916638916639	204	0.0184534714410746	0	3	-1.01600101600152	0.5
bin201	3	10.5642199303964	55	0.132064103083862	0.666666666666667	4	-0.3638034375545	0
bin190	2	17.4025879917184	66	0.0115869333023555	0	3	-0.444500444500667	0
bin185	3	153.496003557846	539	0.0122751583246909	0	5	0.227921152919276	0
bin182	1	0	0	0.00337273828099374	0	3	-1.01600101600152	0
bin176	1	0	0	0.000778887678624876	0	0	-0.850240404384047	0
bin175	1	0	0	4.83826324702219e-69	0	9	0	0
bin174	1	0	0	0.00949056107356299	0	0	-0.850240404384047	0
bin169	5	253.746767486899	576	0.0799764910860062	0.2	4	0.485071250072666	0
bin168	5	159.461932348697	587	0.192786394910548	0.2	4	0.485071250072666	0
bin148	1	0	0	0.000491268095350748	0	0	-0.850240404384047	0
bin146	1	0	0	4.83826324702219e-69	0	7	0	0
bin143	1	0	0	4.83826324702219e-69	0	11	0	0
bin142	1	0	0	0.00473637537321786	0	0	-0.850240404384047	0
bin128	4	159.830303030303	405	0.0230577828062676	0.166666666666667	3	0.698500698501048	0
bin126	1	0	0	4.83826324702219e-69	0	7	0	0
bin123	5	595.186897334691	1223	0.00329974558280598	0	1	0.917662935482247	0.32
bin114	1	0	0	0.0133963818358499	0	4	-1.21267812518167	0
bin112	2	2	2	8.61200898891163e-51	0	6	1	0
bin100	3	74.8112518401218	311	0.0368368005743563	0	4	-0.788240781368082	0.444444444444444
bin93	1	0	0	0.00056084325392042	0	1	-1.14707866935281	0
bin85	1	0	0	0.00492685981169814	0	4	-1.21267812518167	0
bin74	1	0	0	0.00902784825998674	0	3	-1.01600101600152	0
bin67	2	0	0	0.0119703367101124	1	0	-0.218010360098473	0
bin66	2	7.66789321789322	45	0.0353233152261565	0	4	-0.788240781368082	0
bin61	5	760.51295389001	2760	0.0594028771954734	0	0	0.4142196841871	0.48
bin51	1	0	0	0.00640155304573432	0	2	-0.881917103688197	0
bin50	4	334.851769064269	882	0.0171864749943433	0	2	0.881917103688197	0.375
bin45	6	426.011234817814	1943	0.0308006502129346	0	5	1.59544807043493	0.277777777777778
bin40	1	0	0	0.0322924915086431	0	4	-1.21267812518167	0
bin36	2	64.1626984126984	99	0.000675601761436837	0	1	-0.458831467741123	0
bin35	2	171.703617216117	487	0.0141228400858302	0	2	-0.881917103688197	0.5
bin32	6	898.82411414788	2811	0.159336316653258	0	0	-0.218010360098473	0.611111111111111
bin30	5	548.526716747305	1144	0.00730626300960537	0	0	0.4142196841871	0.56
bin28	8	807.697191684305	2923	0.21107389751023	0.0357142857142857	4	0.0606339062590832	0.65625
bin23	1	0	0	0.0158275540033141	0	4	-1.21267812518167	0
bin21	2	129	383	0.00293287388656113	0	0	-0.218010360098473	0
bin20	2	0	0	0.0204699793926229	1	3	-0.444500444500667	0
bin17	1	0	0	7.59620076385183e-05	0	0	-0.850240404384047	0
